50

1.0
1.0
1.0
1.0
1.0
1.0
1.0
1.0
1.0
1.0
1.0
1.0
1.0
1.0
1.0
1.0
1.0
1.0
1.0
1.0
1.0
1.0
1.0
1.0
1.0
1.0
1.0
1.0
1.0
1.0
1.0
1.0
1.0
1.0
1.0
1.0
1.0
1.0
1.0
1.0
1.0
1.0
1.0
1.0
1.0
1.0
1.0
1.0
1.0
1.0

0.0
0.034466135822687816
0.06778382959347347
0.10002715398081699
0.13126323862540343
0.16155311163257133
0.1909524173193238
0.21951203143028214
0.2472785909115058
0.27429495209778537
0.30060058861649963
0.3262319382822655
0.35122270663355515
0.37560413345613686
0.3994052275806915
0.42265297438124005
0.4453725196967728
0.46758733331945074
0.48931935471441795
0.5105891232393563
0.53141589480116
0.5518177466103491
0.5718116714613641
0.5914136627708835
0.6106387914404385
0.6295012754687896
0.6480145431195653
0.6661912903471535
0.6840435330959675
0.7015826550126765
0.7188194510458679
0.7357641673513248
0.7524265378723154
0.7688158179219066
0.7849408150573955
0.8008099175047239
0.8164311203625364
0.8318120497908186
0.8469599853673109
0.8618818807757584
0.876584382973176
0.891073849968365
0.9053563673307102
0.9194377635365398
0.9333236242499113
0.9470193056253894
0.96052994671211
0.9738604810310147
0.9870156473905262
1.0

0.3
0.3
0.3
0.3
0.3
0.3
0.3
0.3
0.3
0.3
0.3
0.3
0.3
0.3
0.3
0.3
0.3
0.3
0.3
0.3
0.3
0.3
0.3
0.3
0.3
0.3
0.3
0.3
0.3
0.3
0.3
0.3
0.3
0.3
0.3
0.3
0.3
0.3
0.3
0.3
0.3
0.3
0.3
0.3
0.3
0.3
0.3
0.3
0.3
0.3
