50

1.0
1.0
1.0
1.0
1.0
1.0
1.0
1.0
1.0
1.0
1.0
1.0
1.0
1.0
1.0
1.0
1.0
1.0
1.0
1.0
1.0
1.0
1.0
1.0
1.0
1.0
1.0
1.0
1.0
1.0
1.0
1.0
1.0
1.0
1.0
1.0
1.0
1.0
1.0
1.0
1.0
1.0
1.0
1.0
1.0
1.0
1.0
1.0
1.0
1.0

0.0
4.1649312786339016E-4
0.0016659725114535606
0.003748438150770512
0.006663890045814243
0.010412328196584757
0.014993752603082049
0.020408163265306117
0.02665556018325697
0.03373594335693461
0.04164931278633903
0.050395668471470215
0.059975010412328195
0.07038733860891297
0.08163265306122447
0.09371095376926282
0.10662224073302788
0.12036651395251978
0.13494377342773844
0.15035401915868388
0.16659725114535612
0.18367346938775508
0.20158267388588086
0.2203248646397335
0.23990004164931278
0.26030820491461887
0.2815493544356519
0.3036234902124114
0.3265306122448979
0.35027072053311115
0.3748438150770513
0.4002498958767181
0.4264889629321115
0.453561016243232
0.4814660558100791
0.5102040816326531
0.5397750937109538
0.5701790920449811
0.6014160766347355
0.6334860474802166
0.6663890045814245
0.700124947938359
0.7346938775510203
0.7700957934194085
0.8063306955435234
0.8433985839233654
0.881299458558934
0.9200333194502293
0.9596001665972511
1.0

0.3
0.3
0.3
0.3
0.3
0.3
0.3
0.3
0.3
0.3
0.3
0.3
0.3
0.3
0.3
0.3
0.3
0.3
0.3
0.3
0.3
0.3
0.3
0.3
0.3
0.3
0.3
0.3
0.3
0.3
0.3
0.3
0.3
0.3
0.3
0.3
0.3
0.3
0.3
0.3
0.3
0.3
0.3
0.3
0.3
0.3
0.3
0.3
0.3
0.3
