100

1.0
1.0
1.0
1.0
1.0
1.0
1.0
1.0
1.0
1.0
1.0
1.0
1.0
1.0
1.0
1.0
1.0
1.0
1.0
1.0
1.0
1.0
1.0
1.0
1.0
1.0
1.0
1.0
1.0
1.0
1.0
1.0
1.0
1.0
1.0
1.0
1.0
1.0
1.0
1.0
1.0
1.0
1.0
1.0
1.0
1.0
1.0
1.0
1.0
1.0
1.0
1.0
1.0
1.0
1.0
1.0
1.0
1.0
1.0
1.0
1.0
1.0
1.0
1.0
1.0
1.0
1.0
1.0
1.0
1.0
1.0
1.0
1.0
1.0
1.0
1.0
1.0
1.0
1.0
1.0
1.0
1.0
1.0
1.0
1.0
1.0
1.0
1.0
1.0
1.0
1.0
1.0
1.0
1.0
1.0
1.0
1.0
1.0
1.0
1.0

0.0
1.0203040506070812E-4
4.0812162024283247E-4
9.182736455463729E-4
0.0016324864809713299
0.0025507601265177026
0.0036730945821854917
0.004999489847974697
0.0065299459238853195
0.008264462809917357
0.01020304050607081
0.01234567901234568
0.014692378328741967
0.01724313845525967
0.019997959391898787
0.02295684113865932
0.026119783695541278
0.029486787062544637
0.03305785123966943
0.03683297622691562
0.04081216202428324
0.04499540863177226
0.04938271604938272
0.05397408427711458
0.05876951331496787
0.06376900316294258
0.06897255382103867
0.07438016528925619
0.07999183756759515
0.0858075706560555
0.09182736455463728
0.0980512192633405
0.10447913478216511
0.11111111111111109
0.11794714825017855
0.12498724619936741
0.13223140495867772
0.1396796245281094
0.1473319049076625
0.155188246097337
0.16324864809713296
0.17151311090705032
0.17998163452708904
0.18865421895724924
0.19753086419753088
0.20661157024793383
0.21589633710845832
0.22538516477910417
0.23507805325987147
0.24497500255076016
0.2550760126517703
0.26538108356290174
0.2758902152841547
0.28660340781552907
0.29752066115702475
0.30864197530864196
0.3199673502703806
0.33149678604224064
0.343230282624222
0.3551678400163248
0.3673094582185491
0.3796551372308947
0.392204877053362
0.4049586776859504
0.41791653912866045
0.4310784613814917
0.44444444444444436
0.4580144883175187
0.4717885930007142
0.4857667584940314
0.49994898479746963
0.5143352719110293
0.5289256198347109
0.5437200285685134
0.5587184981124376
0.5739210284664831
0.58932761963065
0.6049382716049382
0.620752984389348
0.6367717579838792
0.6529945923885319
0.6694214876033058
0.6860524436282013
0.702887460463218
0.7199265381083562
0.7371696765636158
0.754616875828997
0.7722681359044994
0.7901234567901235
0.8081828384858687
0.8264462809917353
0.8449137843077237
0.8635853484338333
0.8824609733700643
0.9015406591164167
0.9208244056728904
0.9403122130394859
0.9600040812162024
0.9799000102030406
1.0

0.3
0.3
0.3
0.3
0.3
0.3
0.3
0.3
0.3
0.3
0.3
0.3
0.3
0.3
0.3
0.3
0.3
0.3
0.3
0.3
0.3
0.3
0.3
0.3
0.3
0.3
0.3
0.3
0.3
0.3
0.3
0.3
0.3
0.3
0.3
0.3
0.3
0.3
0.3
0.3
0.3
0.3
0.3
0.3
0.3
0.3
0.3
0.3
0.3
0.3
0.3
0.3
0.3
0.3
0.3
0.3
0.3
0.3
0.3
0.3
0.3
0.3
0.3
0.3
0.3
0.3
0.3
0.3
0.3
0.3
0.3
0.3
0.3
0.3
0.3
0.3
0.3
0.3
0.3
0.3
0.3
0.3
0.3
0.3
0.3
0.3
0.3
0.3
0.3
0.3
0.3
0.3
0.3
0.3
0.3
0.3
0.3
0.3
0.3
0.3
