50

1.0
1.0
1.0
1.0
1.0
1.0
1.0
1.0
1.0
1.0
1.0
1.0
1.0
1.0
1.0
1.0
1.0
1.0
1.0
1.0
1.0
1.0
1.0
1.0
1.0
1.0
1.0
1.0
1.0
1.0
1.0
1.0
1.0
1.0
1.0
1.0
1.0
1.0
1.0
1.0
1.0
1.0
1.0
1.0
1.0
1.0
1.0
1.0
1.0
1.0

0.02
0.039999999999999994
0.06
0.08
0.09999999999999999
0.12000000000000001
0.13999999999999999
0.15999999999999998
0.17999999999999997
0.19999999999999998
0.22
0.24
0.26
0.28
0.3
0.32
0.33999999999999997
0.36
0.38
0.4
0.42000000000000004
0.44
0.46
0.48000000000000004
0.5
0.52
0.54
0.5599999999999999
0.58
0.6
0.62
0.64
0.6599999999999999
0.6799999999999999
0.7
0.72
0.74
0.76
0.78
0.8
0.8200000000000001
0.8400000000000001
0.86
0.88
0.9
0.92
0.9400000000000001
0.96
0.98
1.0

0.3
0.3
0.3
0.3
0.3
0.3
0.3
0.3
0.3
0.3
0.3
0.3
0.3
0.3
0.3
0.3
0.3
0.3
0.3
0.3
0.3
0.3
0.3
0.3
0.3
0.3
0.3
0.3
0.3
0.3
0.3
0.3
0.3
0.3
0.3
0.3
0.3
0.3
0.3
0.3
0.3
0.3
0.3
0.3
0.3
0.3
0.3
0.3
0.3
0.3
