100

1.0
1.0
1.0
1.0
1.0
1.0
1.0
1.0
1.0
1.0
1.0
1.0
1.0
1.0
1.0
1.0
1.0
1.0
1.0
1.0
1.0
1.0
1.0
1.0
1.0
1.0
1.0
1.0
1.0
1.0
1.0
1.0
1.0
1.0
1.0
1.0
1.0
1.0
1.0
1.0
1.0
1.0
1.0
1.0
1.0
1.0
1.0
1.0
1.0
1.0
1.0
1.0
1.0
1.0
1.0
1.0
1.0
1.0
1.0
1.0
1.0
1.0
1.0
1.0
1.0
1.0
1.0
1.0
1.0
1.0
1.0
1.0
1.0
1.0
1.0
1.0
1.0
1.0
1.0
1.0
1.0
1.0
1.0
1.0
1.0
1.0
1.0
1.0
1.0
1.0
1.0
1.0
1.0
1.0
1.0
1.0
1.0
1.0
1.0
1.0

0.0
0.017207480564605637
0.03412386569967144
0.05075884059365554
0.06712161497245006
0.08322095372066834
0.09906520507681198
0.11466232662938351
0.1300199093166093
0.14514519961096403
0.16004512005079966
0.17472628826468964
0.18919503461935513
0.20345741860897432
0.21751924409207182
0.23138607347188567
0.24506324090691667
0.2585558646301847
0.2718688584483895
0.2850069424856301
0.2979746532304678
0.31077635293984435
0.32341623844863726
0.33589834942936897
0.3482265761427452
0.3604046667162283
0.3724362339847196
0.38432476192459086
0.39607361170972805
0.4076860274159307
0.4191651413978831
0.4305139793609986
0.44173546514867945
0.4528324252639416
0.46380759314289993
0.47466361319627726
0.48540304463388156
0.4960283650858955
0.5065419740337913
0.5169461960627574
0.527243283946664
0.5374354215758116
0.5475247267369765
0.5575132537546086
0.5674029960014191
0.5771958882860342
0.5868938091248684
0.5964985829048868
0.6060119819434902
0.6154357284513357
0.6247714964035325
0.6340209133242959
0.6431855619898216
0.652266982053833
0.6612666715999799
0.6701860886250013
0.6790266524563282
0.6877897451075685
0.696476712575117
0.7050888660789294
0.7136274832503233
0.7220938092694945
0.730489057955285
0.7388144128095844
0.7470710280186151
0.755260029413219
0.7633825153901416
0.7714395577962034
0.7794322027771345
0.7873614715927555
0.7952283614000921
0.8030338460059279
0.8107788765902113
0.8184643824016652
0.8260912714268672
0.8336604310340099
0.8411727285924774
0.8486290120693237
0.8560301106036782
0.8633768350600497
0.870669978561454
0.8779103170032408
0.885098609548452
0.8922355991055033
0.8993220127889406
0.9063585623639842
0.9133459446755423
0.9202848420623405
0.9271759227567806
0.9340198412711173
0.9408172387705095
0.947568743433477
0.9542749708002715
0.960936524109644
0.9675539946244688
0.9741279619466635
0.9806589943218273
0.9871476489339924
0.9935944721908768
1.0

0.3
0.3
0.3
0.3
0.3
0.3
0.3
0.3
0.3
0.3
0.3
0.3
0.3
0.3
0.3
0.3
0.3
0.3
0.3
0.3
0.3
0.3
0.3
0.3
0.3
0.3
0.3
0.3
0.3
0.3
0.3
0.3
0.3
0.3
0.3
0.3
0.3
0.3
0.3
0.3
0.3
0.3
0.3
0.3
0.3
0.3
0.3
0.3
0.3
0.3
0.3
0.3
0.3
0.3
0.3
0.3
0.3
0.3
0.3
0.3
0.3
0.3
0.3
0.3
0.3
0.3
0.3
0.3
0.3
0.3
0.3
0.3
0.3
0.3
0.3
0.3
0.3
0.3
0.3
0.3
0.3
0.3
0.3
0.3
0.3
0.3
0.3
0.3
0.3
0.3
0.3
0.3
0.3
0.3
0.3
0.3
0.3
0.3
0.3
0.3